13
752
114
95
67
569
58
730
878
787
316
940
998
82
430
607
416
233
887
330
176
100
262
612
612
503
194
404
834
316
902
848
317
243
994
910
139
322
485
922
129
193
131
898
-62
388
990
161
264
390
792
571
602
290
634
720
797
793
125
421
473
418
1000
323
144
511
827
89
694
575
35
964
152
853
841
710
32
162
848
160
303
3
40
862
356
925
743
202
-93
570
124
990
637
770
537
334
863
251
628
1
695
218
1
368
88
242
211
286
743
754
992
360
56
255
601
467
884
353
328
966
909
949
350
783
307
473
513
308
199
649
531
89
815
93
89
47
831
694
583
153
244
979
40
172
686
982
931
322
953
145
284
573
472
587
208
115
825
134
329
794
55
486
711
347
62
229
341
29
696
556
527
104
866
715
182
720
149
966
513
370
605
107
89
37
535
953
31
159
163
122
139
56
947
710
434
402
890
467
631
514
330
34
854
901
251
21
320
907
942
106
973
835
997
71
872
492
54
122
202
976
505
503
759
262
701
189
732
35
875
94
876
581
501
924
67
83
272
437
206
173
258
353
888
112
501
716
515
854
798
338
246
241
56
188
919
809
417
731
872
785
28
62
210
299
617
130
833
362
444
428
659
729
435
805
121
773
940
697
958
878
251
336
338
144
814
535
576
419
197
928
476
322
128
746
654
322
626
828
101
884
411
43
877
745
508
355
716
954
897
547
532
196
855
278
272
822
571
554
45
867
846
790
305
207
783
169
561
608
647
644
981
448
289
113
175
531
801
444
198
770
350
679
371
620
196
647
728
715
33
631
473
65
711
565
762
991
726
205
440
920
706
467
527
8
781
473
607
939
932
676
524
671
514
539
352
747
655
922
206
405
718
599
452
297
401
872
370
414
550
145
967
67
829
161
698
821
511
354
132
490
663
981
218
651
770
659
897
788
508
631
490
456
715
703
634
279
422
623
281
636
578
43
497
695
870
848
742
720
56
20
614
38
146
861
510
531
10
970
742
520
114
910
826
130
566
654
83
127
798
923
442
46
442
144
991
659
275
683
937
209
3
467
476
595
221
46
796
341
838
677
701
631
118
418
21
720
902
749
560
175
241
268
403
123
151
517
843
553
415
114
961
932
234
417
846
245
516
240
680
158
582
825
75
344
515
791
29
493
558
850
904
824
661
677
882
916
106
77
585
627
425
242
338
740
251
356
60
500
742
707
572
761
574
775
207
445
998
605
573
1000
203
726
917
178
255
804
809
531
801
693
169
955
205
421
529
405
148
875
992
450
920
714
398
32
370
114
205
-76
553
962
449
435
979
971
634
825
135
624
849
827
639
972
653
998
342
164
954
417
809
493
334
990
342
262
943
121
483
683
962
703
810
479
407
295
964
242
892
124
707
211
469
860
184
990
531
724
866
860
-86
888
200
944
161
137
981
310
191
928
971
737
954
746
475
959
848
435
886
91
718
279
622
867
208
57
189
897
34
607
765
381
112
312
809
470
673
155
68
931
904
769
141
538
641
459
740
16
466
314
413
236
979
622
225
53
89
856
827
641
456
23
799
163
700
563
388
911
14
84
638
444
219
548
315
868
486
759
771
464
822
625
645
186
349
733
225
561
624
900
400
300
552
33
773
711
639
326
226
474
609
654
96
346
761
256
460
257
145
639
468
638
695
308
32
170
-78
850
557
779
623
292
406
343
929
808
528
968
490
621
569
766
781
754
592
871
345
887
803
619
734
608
54
256
366
69
426
633
781
781
138
677
644
779
250
910
259
470
552
728
992
948
-76
421
864
332
246
240
518
962
740
348
570
420
196
579
822
267
509
362
952
163
918
779
205
383
199
172
522
833
532
361
706
800
882
652
6
307
913
157
9
691
54
388
489
171
470
607
502
336
456
332
667
777
729
251
686
878
71
569
230
532
465
575
891
327
706
279
547
559
756
622
31
159
979
248
748
50
4
75
62
989
751
873
439
60
269
41
475
815
228
524
713
763
693
281
235
737
81
116
662
835
272
937
300
817
767
971
897
801
656
60
28
679
623
600
262
204
410
804
878
652
767
736
494
8
756
829
887
768
342
560
337
25
128
147
197
515
30
777
174
401
377
251
297
659
165
639
275
634
279
463
566
370
327
960
531
156
558
791
737
644
760
383
723
446
444
836
919
849
308
972
495
399
606
576
341
264
388
787
289
732
701
577
197
550
83
598
827
170
806
245
164
631
878
335
870
712
23
66
339
769
189
564
382
380
989
968
670
105
387
704
675
205
110
844
134
703
472
455
460
105
377
477
69
550
726
957
237
725
776
563
953
462
444
185
962
185
356
486
30
839
484
19
557
576
23
644
374
93
133
145
905
783
402
921
402
548
369
982
926
417
94
416
706
423
244
167
55
150
79
656
414
834
808
160
309
640
517
522
939
656
868
352
137
810
116
540
292
402
688
390
106
862
733
43
820
33
300
582
104
775
569
455
729
280
907
912
416
839
251
974
324
629
19
7
108
238
32
213
742
530
25
399
364
227
72
265
390
72
80
810
217
295
11
171
721
88
568
805
171
886
837
763
172
847
98
361
413
305
710
702
792
914
439
640
377
622
280
919
936
273
322
309
474
21
905
208
970
269
582
-19
534
891
938
145
380
431
806
107
224
854
929
278
150
737
832
25
168
320
878
932
982
935
464
708
974
753
601
524
609
285
689
881
260
587
587
682
423
878
720
675
626
173
587
631
867
695
961
313
776
715
711
435
606
113
620
615
497
834
119
567
197
366
65
448
389
718
461
672
621
605
737
180
714
835
300
565
887
513
165
24
627
959
761
545
435
8
76
96
603
857
70
546
96
-83
810
398
353
79
872
514
713
755
769
383
627
237
483
341
259
106
823
899
588
574
906
324
274
752
311
95
786
913
299
92
739
978
47
446
388
186
449
368
468
131
900
71
533
685
285
351
795
821
904
241
328
403
56
684
867
312
937
371
135
60
728
219
766
468
949
992
92
899
941
832
272
811
518
502
431
852
235
578
73
754
250
764
289
94
142
514
537
757
41
719
531
120
708
845
426
73
44
602
806
930
41
571
609
343
706
621
279
561
23
801
592
481
398
41
85
666
817
475
409
754
591
921
473
129
594
378
98
187
450
112
765
56
541
889
611
728
60
171
998
715
520
967
224
105
674
100
727
199
-22
712
241
465
812
570
154
694
756
261
273
105
792
820
194
653
760
148
55
319
61
525
133
142
100
224
763
513
353
863
826
30
770
806
117
508
398
122
468
81
557
45
818
735
775
73
794
324
654
634
381
929
384
553
482
482
489
250
952
454
610
591
630
362
376
173
291
98
765
639
114
478
377
752
67
529
747
715
480
207
383
582
331
570
607
737
517
317
262
687
402
598
644
652
830
65
472
843
900
284
115
321
820
409
214
-88
967
498
136
931
738
792
992
948
655
228
468
446
902
654
53
640
422
350
29
756
725
840
582
130
80
753
409
257
99
440
549
917
603
945
825
717
135
442
304
321
112
81
800
323
421
465
633
988
954
385
599
981
929
70
285
930
5
879
410
964
461
429
791
340
747
26
603
922
36
329
848
197
109
573
334
753
841
542
978
76
884
495
875
670
841
948
911
21
92
957
263
987
618
530
311
143
643
866
468
237
393
261
644
17
876
739
638
427
292
553
832
336
508
84
422
912
990
947
813
882
685
942
722
165
851
402
868
442
235
469
145
832
954
392
531
851
571
696
36
805
878
823
354
850
793
763
8
458
339
783
138
148
498
163
465
667
605
850
5
842
585
225
798
542
865
576
576
134
37
782
217
722
278
866
528
744
597
929
537
57
721
469
48
272
513
434
941
869
347
779
162
807
73
120
511
210
310
654
552
548
621
197
355
705
636
537
323
560
700
780
639
682
155
444
198
177
68
149
552
886
647
481
920
924
279
823
857
391
750
279
551
221
222
951
653
288
966
486
156
160
414
561
148
65
350
236
823
247
456
544
182
806
793
772
786
4
620
44
836
897
202
898
284
368
187
842
60
803
904
979
591
185
633
357
764
134
504
886
75
75
613
374
228
800
624
74
389
677
536
954
997
445
991
275
27
543
432
717
200
90
263
88
540
287
354
206
682
330
107
141
99
294
847
15
884
822
563
547
63
105
394
445
687
249
179
557
114
566
973
290
182
309
733
283
573
433
864
56
230
391
115
395
511
233
896
883
275
-100
790
819
110
643
465
861
425
918
114
711
437
90
810
548
313
626
510
923
98
692
425
826
848
806
87
568
469
884
693
133
830
801
212
669
48
86
890
434
7
102
355
452
962
275
473
634
595
603
994
736
209
567
980
31
985
131
744
324
253
781
139
736
476
54
216
915
17
840
185
816
101
762
24
864
815
177
1
710
447
516
303
896
766
934
985
734
435
965
754
199
918
896
641
829
741
153
638
835
635
449
889
691
379
123
160
489
186
223
563
70
647
520
644
256
156
354
860
34
650
637
607
49
999
305
205
349
118
994
754
864
495
291
807
149
619
666
489
602
904
732
932
357
110
102
742
549
851
975
511
691
970
669
78
755
79
4
837
691
599
618
836
33
110
349
558
587
653
456
677
132
271
201
946
9
17
843
579
266
167
875
765
367
-6
703
543
627
921
839
536
225
775
821
814
590
520
434
856
167
273
165
807
562
103
613
65
897
740
113
269
274
706
978
664
518
613
50
647
972
194
504
989
554
489
970
878
147
4
128
697
167
332
752
752
281
755
54
635
587
968
304
947
80
845
807
673
128
574
770
484
110
806
793
403
153
512
113
102
145
182
175
671
185
472
328
501
330
101
507
154
438
750
740
487
815
118
41
75
270
130
241
620
207
193
832
13
26
868
210
219
474
174
645
670
807
15
213
214
80
702
598
31
351
342
963
168
525
119
110
474
391
866
250
622
714
195
456
492
727
641
816
844
59
1000
568
392
232
609
425
563
29
184
720
453
721
567
54
781
782
872
381
560
894
307
854
373
442
246
375
871
27
890
651
431
782
804
101
529
666
100
248
569
203
200
442
543
25
911
691
600
715
717
283
26
913
626
965
387
204
64
732
665
808
43
48
68
854
996
365
138
506
522
157
978
398
580
691
192
297
874
225
251
976
7
677
291
839
393
478
27
377
136
626
509
383
833
575
239
703
472
793
666
872
877
235
260
387
122
320
668
370
216
2
332
676
225
266
738
619
490
665
230
917
751
967
560
951
513
565
860
567
592
335
875
454
212
344
629
944
619
454
566
10
394
166
230
207
843
286
606
660
396
858
953
571
570
269
230
788
360
817
122
995
737
337
671
676
501
679
415
268
587
732
561
393
353
190
991
953
392
72
366
547
204
404
445
92
681
803
572
45
94
30
540
187
313
501
371
678
198
917
48
315
736
602
430
718
930
812
210
950
532
650
127
189
754
227
709
146
181
761
936
547
366
345
154
226
625
550
519
668
84
502
260
412
834
704
620
379
420
823
915
875
346
40
869
506
7
775
194
235
373
994
349
596
389
296
779
663
339
6
730
403
320
219
511
965
783
394
806
978
118
794
910
692
914
828
854
367
993
380
846
398
511
482
507
465
390
12
210
725
282
653
263
835
820
758
49
191
469
207
468
851
880
481
224
410
980
187
855
306
452
99
288
322
357
378
712
998
339
485
471
159
274
766
232
487
741
424
316
319
410
166
33
-30
993
906
46
551
743
721
23
815
334
217
57
110
538
51
596
667
-84
870
20
780
871
791
423
453
144
872
770
521
868
783
231
36
881
582
785
135
982
634
74
34
739
677
279
779
836
592
657
353
95
692
757
232
833
392
686
563
180
637
775
665
961
581
296
910
747
26
740
439
617
70
581
588
359
847
233
-66
117
93
826
93
91
644
206
428
735
681
193
722
616
49
716
968
132
1000
859
657
933
52
887
937
926
73
761
664
922
949
309
911
767
367
36
364
549
219
684
957
536
373
768
144
161
615
774
255
781
208
154
25
648
473
104
204
240
294
294
175
77
824
444
229
432
469
124
534
593
280
428
47
625
106
352
10
402
851
646
948
56
295
505
456
195
988
392
90
612
739
614
888
297
958
683
456
425
904
118
31
454
716
443
561
674
806
126
149
531
782
26
531
462
824
550
857
690
290
877
734
940
835
-64
871
396
485
85
359
166
216
56
687
585
365
259
241
248
384
172
769
54
554
719
9
828
86
110
564
448
864
640
864
837
194
250
402
948
414
47
264
85
366
184
124
139
705
250
34
421
461
385
155
172
894
473
835
572
38
705
805
24
144
376
392
764
212
217
180
379
622
63
442
401
66
217
137
814
833
898
614
704
105
101
988
588
727
633
684
603
778
818
174
30
613
697
312
660
541
98
407
188
656
336
129
327
475
462
421
51
403
81
526
722
115
936
335
704
271
595
921
731
542
549
999
552
482
779
615
757
573
335
747
538
953
613
365
683
895
63
320
123
162
955
550
507
521
21
652
705
805
79
671
819
713
895
433
824
810
940
630
271
977
392
982
671
525
579
348
56
885
444
25
935
816
289
243
965
753
982
339
336
996
300
690
381
765
119
544
531
911
652
667
178
275
691
204
921
967
911
200
502
499
453
664
385
428
222
214
585
292
719
297
857
117
899
116
845
971
859
48
108
122
22
129
195
301
546
574
495
509
87
514
329
594
839
422
268
924
187
134
959
266
242
117
599
566
585
462
163
640
551
585
793
384
352
931
633
304
604
11
694
730
523
225
771
290
679
584
215
642
393
7
498
429
-58
484
67
894
472
299
390
54
869
474
949
158
306
104
454
804
938
701
148
7
824
487
447
662
296
901
425
565
281
26
327
59
960
252
458
329
423
790
428
312
26
695
630
103
117
352
800
208
517
636
708
546
611
320
990
400
478
726
161
474
25
156
580
516
353
997
760
641
42
553
598
302
506
188
997
761
799
603
24
382
153
948
218
220
915
941
519
156
364
707
970
7
739
174
708
548
894
23
2
679
63
225
424
187
855
739
965
252
667
90
714
625
877
16
687
708
455
705
941
419
553
780
138
788
881
166
761
529
217
51
672
744
805
629
362
2
821
559
435
73
727
3
824
576
216
592
361
939
819
277
306
981
491
336
175
862
838
275
580
58
438
483
698
53
853
948
284
425
1
353
976
204
992
883
121
122
203
611
108
713
296
836
30
999
862
39
52
181
406
117
526
235
882
639
34
304
697
599
617
977
781
862
853
192
400
39
545
109
653
272
914
77
753
828
214
78
153
128
843
930
217
72
902
756
713
478
514
584
917
818
505
420
390
445
403
631
31
47
810
315
869
208
856
395
180
175
165
517
677
898
557
349
327
27
318
359
339
691
307
210
6
42
756
646
284
970
786
201
296
788
414
915
555
654
586
470
970
214
178
877
890
865
544
46
721
395
734
517
842
264
492
260
-19
950
834
628
697
64
206
703
945
783
993
1000
168
652
513
468
548
937
266
218
216
251
753
179
534
635
182
92
768
16
740
392
396
248
671
825
645
939
986
633
77
516
485
544
72
946
332
68
945
183
59
318
137
277
546
-70
403
3
686
147
847
898
747
993
920
618
682
788
190
199
87
540
316
331
908
491
308
842
800
245
618
103
968
291
309
861
233
810
203
734
594
113
153
799
857
264
453
343
185
987
593
865
357
498
856
273
136
798
909
534
139
882
773
254
829
210
260
97
63
439
768
769
87
378
327
657
55
823
167
417
617
162
259
414
848
202
184
37
677
578
268
236
265
322
352
912
829
187
953
371
301
397
115
646
870
280
950
952
539
349
243
750
417
368
127
820
391
267
341
133
949
416
320
505
804
725
399
548
72
20
568
252
401
768
658
222
468
449
798
494
172
172
243
620
215
578
807
739
643
683
98
130
177
250
756
600
879
785
644
378
687
627
370
697
574
325
739
114
932
641
499
350
639
453
985
8
535
37
769
104
145
221
987
-93
918
567
290
620
872
668
251
516
787
724
214
759
889
469
637
495
48
44
679
334
996
816
803
972
137
596
38
440
193
219
586
474
582
745
736
260
350
341
745
41
498
88
618
304
191
168
288
50
124
870
417
326
663
666
62
423
608
194
312
81
896
412
720
300
641
884
612
881
784
807
441
161
27
184
277
836
528
860
506
477
183
152
843
677
205
599
342
78
526
94
308
118
586
662
345
775
377
914
601
570
737
966
682
936
119
268
266
726
867
886
50
499
-75
27
96
346
974
857
315
781
40
220
251
937
858
607
457
500
583
644
671
356
176
504
993
996
377
844
532
766
284
552
693
798
550
103
580
233
173
446
674
728
848
99
348
575
664
102
390
408
115
773
719
567
307
967
324
999
730
173
426
618
576
413
301
273
410
310
345
678
151
954
573
735
751
1
652
878
98
813
911
228
890
792
69
884
547
459
177
823
956
773
70
832
621
423
13
82
78
498
270
255
235
540
203
132
216
194
264
161
880
797
846
799
884
428
593
419
157
79
33
964
927
803
35
870
71
396
147
498
359
489
953
52
242
192
411
404
292
677
16
428
894
436
783
913
770
694
597
924
91
918
2
14
672
122
351
465
960
344
427
282
305
18
80
756
833
313
661
414
746
294
870
329
556
368
674
731
363
403
263
443
746
644
173
233
445
50
876
203
616
361
260
856
375
611
919
337
399
988
52
551
562
50
936
393
898
953
435
340
245
681
576
725
350
383
297
234
136
214
271
666
544
88
46
668
767
872
213
643
963
967
322
958
109
142
881
798
425
761
927
376
37
881
584
565
878
808
164
606
909
487
987
918
606
418
437
75
403
300
568
1000
395
215
35
106
480
481
847
110
336
453
839
426
992
951
139
116
388
673
319
779
912
530
442
913
236
748
997
797
176
552
12
68
668
60
472
274
527
296
842
414
140
754
776
406
997
781
796
806
853
920
908
374
774
173
361
427
595
67
572
292
437
87
583
498
184
151
830
872
456
839
626
532
248
639
685
154
423
479
754
767
471
552
137
824
4
437
227
563
44
581
782
907
938
808
541
719
399
236
26
792
892
63
629
907
152
231
435
535
802
946
162
367
807
417
926
575
247
187
226
41
589
254
682
400
147
495
595
873
403
688
575
642
880
315
57
308
941
560
560
838
839
880
315
647
28
780
414
35
645
911
832
841
300
777
626
876
690
986
436
379
671
354
954
538
135
180
633
86
122
700
186
377
371
55
481
26
734
365
490
784
425
533
262
45
40
819
701
395
50
101
132
573
942
718
605
700
766
41
379
974
59
559
699
22
54
470
289
676
667
338
368
716
577
233
928
868
605
122
301
394
522
513
390
904
136
155
239
637
806
933
810
457
891
908
629
668
61
454
786
129
486
138
326
536
307
577
337
373
422
662
983
540
422
125
726
216
440
444
395
903
773
18
285
315
847
987
6
713
706
430
932
644
567
886
947
300
236
807
49
907
442
923
786
421
970
90
14
155
89
477
44
171
290
943
886
180
152
897
34
852
314
50
381
218
449
64
451
678
216
142
37
67
104
767
100
171
827
378
258
902
816
255
896
973
429
428
831
47
323
480
622
582
568
603
273
337
1
731
505
882
995
624
562
220
994
245
233
74
417
653
188
581
427
243
713
562
715
645
308
53
493
913
206
844
376
366
532
926
126
195
786
64
856
200
219
81
280
830
453
222
21
454
599
924
696
315
993
909
462
787
432
535
862
456
940
982
24
873
16
789
201
267
720
504
770
410
901
293
56
352
539
521
113
639
29
754
529
65
17
343
789
485
836
439
786
207
288
982
142
246
209
948
299
177
801
382
908
245
248
282
987
927
450
947
151
282
237
634
8
810
122
292
865
570
964
266
634
892
809
433
47
25
99
748
369
766
697
215
299
840
487
28
186
446
721
952
197
223
345
421
637
-16
850
160
848
885
953
876
602
-12
929
150
627
896
87
64
360
444
135
265
15
652
516
654
655
977
697
163
132
881
743
410
586
333
309
520
479
583
445
641
410
268
496
938
612
326
902
834
517
41
748
543
982
968
931
221
586
624
742
130
398
62
903
399
399
142
917
124
880
466
507
478
996
961
471
352
825
290
382
2
839
759
396
678
199
218
547
48
589
494
800
715
620
838
28
29
674
286
205
937
694
646
342
543
922
274
272
961
609
745
236
584
114
542
491
871
168
358
824
26
767
372
778
861
150
920
462
817
556
87
748
68
429
575
711
520
844
597
763
833
59
894
972
89
832
355
716
56
892
367
557
855
1
586
876
773
358
815
721
841
314
684
50
417
452
460
143
421
152
400
429
977
807
783
927
995
293
703
811
859
260
49
66
442
804
2
921
992
414
28
309
852
284
-41
302
126
886
461
475
999
211
133
586
739
974
619
839
841
650
653
407
233
496
581
7
68
364
300
118
324
671
856
901
515
657
107
444
195
972
730
217
925
622
201
225
336
879
158
307
136
589
840
600
667
707
526
177
766
170
819
865
62
149
141
784
390
463
645
401
278
592
826
663
974
687
4
491
680
422
941
731
69
758
23
768
325
871
926
867
780
264
186
119
184
122
923
887
580
513
862
487
943
177
250
265
609
589
396
15
255
275
265
557
724
574
777
816
709
768
150
648
203
151
448
263
859
826
663
373
234
668
623
681
417
560
146
188
463
701
993
974
516
604
197
523
404
685
560
117
305
578
543
981
863
898
-9
381
785
855
181
786
201
118
681
744
130
87
775
324
333
503
63
1000
639
362
145
858
197
700
932
501
7
598
38
958
788
473
538
882
253
281
915
914
296
747
809
705
151
895
969
935
111
907
972
97
735
680
820
476
969
427
297
663
818
440
49
938
714
494
259
10
999
204
77
928
694
515
631
546
293
652
679
917
116
828
451
916
878
644
420
514
970
936
348
618
538
677
899
733
293
121
745
68
352
229
231
158
578
92
733
950
464
231
260
695
647
656
209
258
624
988
357
19
429
623
231
437
646
129
289
249
282
710
872
515
134
248
232
17
283
223
967
659
280
622
120
370
80
708
82
73
248
285
386
308
571
25
751
712
170
494
75
852
485
98
527
958
732
136
329
121
735
562
864
163
471
201
919
601
825
734
358
487
346
688
889
683
524
90
902
670
743
708
510
490
691
944
479
310
182
367
90
287
454
745
324
715
864
210
270
485
606
560
624
802
735
502
867
112
149
586
-55
892
836
434
844
130
660
458
725
815
727
512
799
270
718
875
750
932
529
120
409
303
524
995
923
351
720
232
865
230
52
476
220
639
972
742
226
670
702
490
316
901
20
815
186
379
219
438
635
904
40
221
101
237
794
988
756
842
714
799
654
282
89
762
527
115
846
869
286
192
534
850
315
564
909
450
447
465
542
271
702
444
995
648
954
559
97
687
790
725
287
474
818
331
718
751
171
999
865
268
172
308
725
161
76
895
890
228
440
65
913
118
801
333
584
906
315
28
799
312
626
256
572
703
917
977
311
184
344
935
54
85
641
955
880
881
180
285
413
446
155
258
688
194
617
719
356
49
550
817
352
243
871
264
967
495
331
45
972
507
703
196
985
494
338
526
812
448
285
869
733
205
424
360
136
923
199
857
694
303
309
715
442
718
579
202
713
127
899
841
462
349
401
911
373
311
911
33
717
945
898
641
848
828
565
259
182
861
965
493
743
782
241
113
473
627
950
435
989
646
886
543
634
918
129
85
574
522
558
796
419
375
540
387
261
22
640
409
463
474
409
514
824
880
975
783
165
309
403
675
702
387
17
335
148
562
325
523
614
35
-65
214
169
978
834
708
16
81
813
701
294
229
110
226
846
432
40
356
311
37
202
698
336
856
875
719
515
343
404
987
383
514
489
675
264
463
935
14
874
904
662
577
331
446
10
798
983
602
87
735
817
176
452
314
170
459
598
856
401
391
784
849
683
691
356
581
744
869
407
651
954
257
605
874
476
538
302
667
453
141
792
49
757
223
539
545
871
729
60
968
9
732
635
117
61
895
430
687
127
832
461
22
68
918
4
475
416
914
859
244
874
101
265
726
426
80
416
993
261
204
969
363
794
152
637
63
404
360
899
943
26
705
411
421
238
867
35
432
720
191
941
348
447
572
90
857
955
392
152
140
493
447
871
826
867
338
915
701
999
381
603
25
370
394
848
147
74
147
890
89
633
581
40
117
808
585
508
670
135
737
598
144
608
147
847
216
910
655
686
755
167
403
73
600
475
935
445
702
963
-51
681
1000
607
883
873
146
255
413
205
661
153
508
737
505
380
591
648
759
274
81
955
825
297
145
819
369
348
197
433
466
857
784
112
840
516
250
445
166
324
354
918
216
405
665
151
99
801
217
879
976
505
870
358
759
88
532
21
843
811
853
379
826
923
322
543
646
720
21
471
544
913
793
704
752
38
560
239
286
276
707
707
995
521
281
321
962
266
560
605
81
721
162
292
456
649
730
17
131
731
431
600
219
827
609
223
878
778
176
53
402
276
841
210
118
678
161
560
998
173
698
704
755
696
790
513
864
889
380
420
246
400
415
471
306
171
404
308
606
527
787
493
132
991
281
625
495
58
201
942
563
695
609
980
654
219
870
260
708
861
11
953
185
467
750
814
508
352
174
623
670
394
734
335
565
263
10
932
875
730
24
234
746
286
324
417
658
926
713
92
953
562
624
98
696
203
867
337
374
581
706
826
580
889
690
779
381
388
904
436
62
565
433
888
652
502
907
12
716
734
165
767
442
593
460
689
2
924
456
200
560
1000
207
373
951
231
985
764
437
114
165
46
970
840
761
24
980
606
519
112
227
679
110
28
791
360
164
330
334
656
386
666
773
479
934
228
613
861
877
444
241
249
158
983
755
957
730
675
112
721
907
328
220
187
434
712
976
792
659
508
866
808
446
43
733
865
862
684
791
932
594
763
475
791
469
906
633
57
553
921
77
551
365
201
660
607
662
907
674
687
506
160
613
902
249
328
855
19
779
848
228
674
258
168
245
533
594
424
313
23
533
110
359
437
118
824
303
255
497
631
269
124
511
364
68
301
995
974
321
209
58
128
843
637
106
657
750
177
828
624
531
493
482
939
816
503
824
660
841
555
690
79
998
132
202
101
221
47
643
747
307
964
471
148
245
164
743
682
346
233
931
384
425
536
302
979
607
446
586
355
746
550
553
157
178
363
274
698
281
321
965
525
577
411
414
696
203
389
393
432
369
446
999
362
675
193
813
231
325
994
13
443
466
59
493
202
623
823
635
714
203
397
240
313
978
976
814
705
157
895
303
409
372
385
935
991
279
301
214
507
590
132
79
457
721
258
1
749
749
324
280
34
457
520
498
608
322
159
167
954
878
223
334
199
451
303
485
731
496
419
661
664
25
282
538
245
461
69
134
897
296
864
52
894
197
840
644
196
613
773
255
703
283
434
562
422
788
795
788
87
629
437
-60
924
37
689
861
285
788
338
875
775
274
420
755
937
341
878
119
777
452
380
649
556
539
423
945
627
822
517
366
847
227
653
388
317
529
960
166
778
165
370
184
723
948
314
870
221
365
724
535
445
78
349
290
494
527
965
118
488
885
390
726
93
718
468
41
106
690
205
128
531
979
12
912
546
352
535
679
138
855
745
317
58
445
859
179
895
231
148
511
597
78
993
24
796
894
593
974
954
203
182
301
908
126
64
757
269
468
524
293
702
209
71
943
985
560
435
862
233
371
3
451
234
164
239
413
468
439
856
239
879
832
862
645
513
532
658
350
687
415
815
561
440
369
520
976
394
598
119
414
125
823
369
125
509
969
702
463
544
708
108
249
794
461
429
546
779
175
398
893
132
405
863
649
877
728
785
331
716
6
600
174
802
247
301
31
919
266
583
97
898
360
834
508
718
766
995
831
851
361
667
49
227
43
785
789
318
304
619
29
619
525
908
777
729
416
725
340
359
144
566
702
912
523
256
437
127
354
738
470
877
164
989
140
612
748
520
613
84
519
660
707
667
280
725
490
485
890
866
134
291
286
56
570
974
56
921
171
403
569
282
825
869
264
744
802
986
199
101
776
605
324
978
832
911
127
210
747
808
591
792
177
682
446
485
283
62
448
618
305
804
689
102
128
154
75
374
728
215
297
245
146
642
154
517
174
116
712
167
264
439
579
680
198
787
795
1000
426
590
122
194
832
349
313
61
561
152
845
456
427
983
134
430
489
909
770
614
585
709
453
138
256
492
858
398
696
221
298
554
771
845
200
367
67
991
480
393
665
866
738
215
459
482
263
631
185
740
64
897
688
310
712
886
222
266
248
504
949
502
934
75
721
462
86
777
865
834
391
836
409
725
52
44
986
569
196
384
144
468
594
735
561
670
578
710
979
388
801
833
294
485
409
600
50
-73
411
823
748
467
245
556
160
622
481
494
238
823
929
550
308
277
619
604
901
312
839
254
629
333
309
626
204
889
820
739
504
603
451
297
681
828
379
75
109
154
151
391
529
939
150
203
131
301
190
551
658
296
110
844
252
639
107
398
311
19
530
638
950
308
-34
539
387
85
500
810
142
453
214
262
645
426
553
41
462
707
574
280
796
57
725
732
325
527
608
239
949
918
817
792
68
559
640
38
599
28
376
917
851
112
297
670
708
169
626
656
747
661
236
589
701
570
981
165
-65
184
186
202
33
240
271
4
984
363
101
270
737
368
705
621
565
599
683
554
709
810
782
88
108
377
579
716
670
370
943
442
191
935
619
799
426
930
974
161
551
957
3
101
4
855
833
762
213
528
980
134
136
516
21
776
215
565
423
725
945
18
861
588
122
638
506
643
327
967
550
227
787
942
258
503
425
327
334
550
682
286
902
461
8
608
968
70
87
773
303
733
718
485
437
695
490
149
755
641
444
104
807
514
690
937
362
873
815
334
531
490
639
954
102
780
255
12
216
126
228
846
248
354
614
212
39
699
479
486
657
125
237
777
137
257
916
414
424
499
921
363
746
528
60
10
89
776
519
326
286
567
180
128
211
383
412
105
494
219
81
15
226
776
507
337
958
99
592
888
599
9
163
391
779
763
832
135
860
507
909
397
562
132
700
533
708
958
778
512
441
53
794
699
860
403
367
106
514
441
254
706
364
904
500
623
874
624
45
918
426
54
978
417
649
770
816
551
275
70
236
658
738
251
301
923
278
913
273
702
763
535
978
530
904
837
125
531
860
190
704
43
720
186
20
856
873
840
998
291
173
212
607
942
766
320
570
202
839
892
383
356
210
86
713
895
150
188
743
592
601
238
818
254
803
735
471
882
288
343
769
265
846
464
315
330
-97
165
568
56
77
325
713
280
729
352
150
132
237
192
468
775
80
696
911
913
273
167
563
532
338
706
537
412
239
559
891
776
91
5
394
120
765
507
329
935
453
631
457
518
266
456
820
287
549
328
343
188
655
677
360
862
421
314
554
450
909
880
749
824
184
706
360
31
453
464
84
596
390
968
280
899
699
87
976
755
515
732
452
417
203
235
14
242
752
328
395
459
951
559
534
970
159
424
564
937
451
762
689
156
862
574
28
166
444
267
548
218
496
59
258
132
418
901
955
399
708
73
563
892
825
170
867
360
989
227
612
277
942
909
843
633
605
128
593
733
845
35
792
576
288
116
450
786
931
173
385
386
748
497
512
674
798
190
21
84
895
685
652
891
343
602
987
563
44
188
364
921
988
649
693
71
820
316
77
176
913
682
83
546
206
106
248
702
638
515
559
918
525
397
671
326
789
385
18
540
240
504
428
359
912
542
567
195
759
501
830
430
879
591
628
595
351
148
656
896
839
159
622
154
548
360
664
887
474
620
962
566
346
729
971
300
864
961
399
595
419
610
889
477
187
182
109
72
476
491
597
184
500
433
711
144
776
945
355
888
240
560
901
252
475
296
840
920
266
492
277
123
197
713
856
257
407
144
193
344
538
241
963
64
598
230
655
934
850
927
919
608
633
892
334
988
51
796
638
983
388
815
592
176
542
14
61
263
419
226
799
84
614
16
830
988
665
224
544
54
515
795
798
558
929
585
311
817
461
241
494
576
629
24
663
636
528
648
788
678
852
662
835
875
744
151
928
772
605
705
48
31
642
241
593
810
92
163
58
95
261
762
100
167
527
549
17
230
24
196
345
874
253
81
488
641
180
622
25
226
407
646
447
770
735
33
377
97
45
115
62
371
613
524
123
581
609
514
611
533
337
723
961
412
622
338
919
845
471
925
173
329
591
979
632
959
953
806
155
608
879
552
845
961
868
710
333
161
788
350
300
202
39
717
689
301
483
524
762
285
177
340
403
690
265
994
879
821
197
741
447
619
597
489
499
90
674
499
612
45
449
848
386
622
637
356
223
812
639
393
947
14
477
731
937
907
497
58
905
772
330
650
446
696
596
37
458
58
70
114
139
323
70
559
105
763
952
414
291
763
613
82
565
860
217
178
479
205
27
254
865
508
855
64
853
293
985
495
970
882
555
891
683
20
892
573
814
573
754
679
219
619
367
8
363
907
515
840
126
597
956
462
374
186
513
355
986
748
762
250
621
274
168
427
503
473
358
6
173
896
97
33
339
669
601
436
542
808
346
407
339
699
812
167
265
81
178
647
645
613
181
485
274
887
335
34
541
587
327
308
392
154
177
81
318
907
281
950
910
179
862
772
90
222
174
844
973
859
303
768
791
726
648
916
854
149
565
502
765
540
345
860
265
953
181
646
78
634
22
397
365
740
456
508
368
607
912
250
231
100
779
557
144
588
189
906
481
943
683
699
304
633
57
527
775
814
758
309
928
693
829
527
799
543
832
63
973
902
698
248
762
712
514
44
196
47
668
637
101
260
424
746
712
62
838
951
589
315
397
773
930
887
562
604
367
305
580
60
166
204
192
279
959
624
965
156
18
620
309
676
761
411
339
271
966
268
66
189
440
47
857
948
970
797
154
106
653
229
908
593
252
853
965
927
915
988
955
628
620
224
772
454
889
115
498
110
603
913
39
688
131
871
164
240
839
195
984
967
33
559
456
920
519
119
491
306
968
202
698
993
30
969
769
232
61
492
268
641
336
441
718
554
435
425
632
851
192
767
438
196
583
247
985
532
409
249
315
579
776
932
37
492
778
482
643
145
766
718
175
814
439
491
554
75
865
573
38
213
423
209
98
229
142
337
648
798
255
557
243
665
106
682
165
651
749
177
6
611
593
605
142
88
859
794
246
342
272
963
229
88
896
389
233
456
141
662
215
710
742
865
653
835
800
465
99
183
255
579
882
620
118
714
176
829
641
431
278
951
251
813
845
318
14
259
482
329
642
851
863
705
942
32
382
564
980
421
869
253
693
431
14
304
442
613
280
315
560
376
643
403
648
871
856
496
785
318
102
626
116
817
19
677
632
956
105
893
332
318
535
30
662
679
677
917
110
819
94
944
694
501
132
998
181
855
293
703
544
541
108
337
543
830
270
797
318
665
666
194
835
473
563
411
227
351
61
154
674
337
285
857
506
563
531
223
134
347
151
526
804
817
548
649
226
907
767
758
984
884
278
251
152
15
906
176
862
467
38
91
920
754
889
224
153
227
529
748
398
318
330
926
589
485
513
807
982
966
959
50
29
560
199
856
759
555
857
634
120
11
330
465
329
322
770
86
709
165
29
741
663
448
77
571
98
648
381
751
506
463
790
291
614
773
1000
749
548
193
193
427
771
777
79
580
113
483
911
141
628
179
577
353
756
427
838
584
633
436
864
277
966
92
330
171
339
219
248
844
970
534
668
432
871
419
172
473
883
781
428
995
727
185
351
52
479
902
315
357
527
659
283
184
176
885
51
607
326
966
201
709
970
895
438
36
417
4
229
907
815
384
607
482
719
591
378
576
778
458
214
581
157
576
518
826
547
823
88
546
743
877
815
476
54
355
443
313
329
547
729
914
96
514
949
624
88
575
993
688
950
105
101
682
660
494
506
261
238
408
164
294
322
930
630
907
815
337
888
715
199
14
743
946
432
338
922
264
224
628
363
30
757
515
77
188
336
60
710
613
947
865
270
88
47
690
694
514
602
308
317
835
326
236
777
365
229
369
606
827
745
948
661
526
256
320
729
11
158
283
84
433
272
183
913
929
493
38
994
794
724
979
469
433
572
866
910
560
386
372
408
313
282
896
257
258
223
61
722
747
716
831
11
380
638
373
970
755
5
221
872
57
489
961
579
992
681
258
757
918
405
109
902
348
291
893
773
747
384
748
153
285
647
967
738
184
275
295
563
968
668
333
464
104
952
384
971
110
443
828
180
934
519
141
162
536
274
856
607
944
213
484
375
436
265
801
682
510
519
847
573
60
614
448
503
700
625
790
589
113
841
845
770
187
362
920
332
221
496
198
746
698
290
193
63
853
774
18
873
474
299
394
690
201
737
137
388
170
59
772
102
412
226
681
51
604
392
757
587
457
183
382
77
542
355
489
495
739
387
978
558
958
334
234
831
943
398
329
742
110
827
433
403
572
361
30
487
423
485
945
648
627
502
260
493
249
413
458
37
717
861
387
893
978
889
518
761
626
758
588
218
662
708
37
486
711
332
957
433
326
100
51
734
912
321
919
874
950
1
471
717
206
527
944
161
215
810
875
699
13
226
254
194
500
662
409
123
362
404
270
107
561
216
537
776
715
334
977
945
194
643
172
44
711
753
379
943
544
485
749
643
875
268
576
904
330
920
391
300
277
536
651
751
203
179
155
531
703
350
617
65
400
726
190
877
948
294
975
321
679
622
42
948
960
177
498
961
429
777
719
533
793
513
246
607
930
696
565
843
417
137
833
287
947
155
567
238
342
957
835
885
764
939
13
215
625
302
-74
475
871
470
99
608
525
162
99
743
364
645
427
75
319
219
-87
396
689
667
142
700
585
187
609
883
727
502
881
157
580
334
629
195
544
709
458
523
39
171
571
290
486
388
432
660
344
793
985
986
621
285
182
900
96
545
510
899
956
840
653
372
889
503
505
776
188
731
22
190
19
973
876
312
329
579
223
630
281
354
209
213
620
867
516
770
174
992
514
441
551
969
395
360
876
679
346
157
487
460
169
807
90
740
384
498
207
622
370
427
453
980
806
785
787
848
215
145
973
553
235
773
389
873
820
963
392
722
724
293
206
202
266
817
438
330
421
11
625
549
63
681
83
776
177
724
829
224
903
715
523
613
904
20
95
916
363
577
578
419
205
313
451
401
392
561
542
233
329
551
212
814
836
813
308
909
115
280
488
620
120
530
308
789
615
447
661
698
466
141
133
253
667
985
618
819
201
749
732
782
859
211
350
676
282
172
354
484
559
337
692
76
518
581
954
334
109
466
26
489
135
140
69
664
406
915
72
560
539
887
22
610
506
408
515
739
465
714
104
411
580
564
700
432
680
796
949
197
64
75
340
705
468
639
549
333
805
649
950
477
285
514
639
652
969
49
592
564
789
639
63
26
292
938
157
295
1
292
825
14
362
423
656
489
728
262
498
330
571
581
963
892
781
519
914
231
544
290
550
624
921
109
61
714
231
360
809
942
154
640
790
40
633
712
656
738
921
374
733
31
921
392
79
423
349
238
883
299
291
735
273
690
372
759
125
962
654
918
874
541
112
835
875
846
461
678
315
347
415
799
729
597
518
797
129
468
27
259
416
839
535
797
990
828
865
236
491
829
978
826
374
215
412
885
539
626
972
709
302
805
809
953
73
114
320
644
731
222
159
796
819
315
775
721
906
253
120
617
967
922
383
744
687
163
477
268
408
317
773
571
193
128
896
865
893
601
325
817
312
756
134
771
670
247
510
224
219
658
637
223
523
154
435
330
82
635
709
443
529
572
37
105
362
618
715
156
917
35
545
281
871
906
937
19
140
132
449
519
545
258
497
91
470
493
49
248
253
780
112
909
595
75
776
583
659
197
77
562
173
339
55
994
210
329
275
321
193
245
504
981
751
421
464
768
576
968
235
891
860
663
736
218
733
378
793
590
933
917
979
274
318
542
215
913
766
738
442
511
984
476
851
435
922
805
672
465
546
73
885
735
362
402
330
633
781
81
956
145
311
934
561
869
84
523
224
657
919
58
585
922
513
379
56
526
140
58
813
222
306
567
673
63
423
235
238
405
341
49
39
782
756
198
6
15
707
560
926
206
526
353
383
658
699
702
533
829
33
756
51
614
291
658
343
915
269
873
786
258
116
696
205
573
637
795
112
224
514
891
69
958
372
880
453
6
61
8
97
367
958
234
53
70
640
412
398
265
706
455
388
753
254
366
201
770
876
159
946
862
662
697
683
749
903
275
134
1000
725
940
18
318
726
947
517
459
386
382
995
543
184
371
112
281
879
870
930
147
69
692
733
521
507
511
934
410
718
166
817
163
677
940
287
682
762
815
679
667
81
883
859
288
940
580
187
800
536
179
527
490
358
242
618
370
284
89
153
141
486
715
981
675
427
927
743
781
400
848
585
881
179
568
870
71
39
803
775
335
84
49
313
474
663
80
551
831
555
513
45
55
892
845
16
639
181
234
823
88
685
591
46
427
245
900
41
642
123
752
243
342
381
909
842
971
966
649
163
370
453
857
912
113
244
89
702
803
488
427
776
878
715
59
501
726
811
268
223
455
87
678
830
522
331
772
154
1000
475
346
768
62
892
208
290
348
663
610
81
54
327
926
5
541
418
319
905
933
322
349
67
163
478
757
556
604
218
242
716
688
526
382
421
396
28
299
345
268
654
50
509
534
430
155
339
953
981
692
110
517
193
64
338
142
846
774
632
935
686
22
344
301
111
925
729
643
766
410
682
457
772
173
951
582
332
649
141
20
929
100
876
316
236
324
321
239
630
634
115
128
252
769
553
593
664
349
318
603
928
617
104
16
967
696
431
690
711
76
374
559
922
903
678
24
788
352
399
659
503
524
694
881
377
219
476
131
327
724
31
482
408
291
385
18
748
256
50
880
915
432
278
321
532
609
517
728
775
380
473
398
68
902
532
304
788
622
461
714
380
305
29
732
900
661
-23
79
162
325
459
842
771
680
922
127
492
77
109
67
518
146
27
512
298
814
904
16
19
111
193
177
446
238
86
529
458
706
401
477
71
607
653
353
59
894
845
450
572
259
254
397
284
179
889
421
777
333
188
934
119
662
952
36
50
965
889
767
649
359
316
621
35
401
892
221
821
6
950
976
837
525
302
980
183
112
740
344
157
937
602
524
239
588
446
947
746
189
337
235
564
783
762
930
623
923
596
236
81
298
58
947
85
53
324
644
270
938
173
489
820
908
734
948
786
198
295
424
558
623
56
916
478
970
999
736
557
529
440
831
203
34
91
183
888
453
659
63
696
439
518
89
179
374
923
402
93
320
25
247
374
761
193
853
915
395
400
686
801
33
985
206
310
708
142
517
112
891
611
986
593
447
476
533
819
626
694
507
160
901
269
106
191
791
129
371
654
304
219
708
829
183
133
170
590
808
619
516
973
320
535
85
119
421
629
111
913
337
351
414
62
929
995
18
106
435
247
618
127
671
181
377
984
822
323
47
13
279
530
946
810
961
90
438
54
453
435
911
117
831
180
452
568
493
674
762
391
261
86
372
132
594
665
817
674
611
377
178
778
968
758
329
763
763
860
230
665
255
259
19
55
806
950
167
763
90
314
596
92
523
526
25
25
2
252
185
569
697
726
747
882
127
467
621
57
960
633
93
277
779
457
890
602
249
853
84
71
722
639
56
259
65
148
988
815
878
871
53
395
354
818
182
312
757
937
648
553
160
678
211
166
309
527
851
666
577
151
735
630
198
570
193
602
310
586
205
374
54
662
194
826
687
820
804
794
981
923
9
591
402
352
874
6
291
646
428
333
233
443
839
600
585
983
190
410
37
314
892
252
205
377
420
925
42
919
940
867
816
534
266
812
475
673
682
653
854
622
958
113
297
67
682
543
952
709
626
202
71
962
754
174
591
802
126
552
29
661
559
66
967
570
596
832
954
268
459
578
692
170
488
721
670
442
222
982
369
778
962
591
237
409
259
350
799
137
267
226
154
206
323
982
336
226
693
434
255
642
505
960
910
466
351
154
55
469
7
788
498
682
578
436
701
467
466
66
481
831
337
857
731
870
424
541
162
12
379
80
867
350
428
155
523
601
653
662
544
937
855
8
541
382
271
155
240
478
64
214
802
748
624
420
287
861
830
440
126
607
288
926
-98
864
-15
436
889
517
566
840
-69
751
267
236
656
967
496
143
938
637
686
119
859
31
424
639
973
995
440
164
708
228
922
818
46
281
697
323
91
259
902
357
676
71
41
546
997
882
156
35
218
401
284
856
605
682
467
36
1
166
562
235
477
965
435
861
821
228
812
617
189
570
210
769
234
599
556
86
278
177
201
802
119
813
724
132
380
712
969
134
404
138
519
955
595
608
678
513
887
403
921
159
125
483
432
717
175
768
469
545
943
987
20
682
665
721
931
658
55
247
111
523
280
730
737
261
715
181
844
727
220
57
329
290
730
532
918
492
896
522
945
299
154
170
426
976
808
141
910
168
745
468
658
-31
100
329
859
369
649
971
855
836
313
894
380
933
543
389
908
710
825
781
905
918
637
57
927
918
149
726
904
391
969
605
267
178
979
775
915
553
462
894
391
886
715
211
684
776
960
593
732
940
201
159
120
378
66
105
437
86
268
391
997
656
228
116
790
6
314
604
876
692
269
774
841
238
782
950
764
160
334
44
301
556
309
558
725
872
798
110
193
738
58
306
525
635
118
520
449
65
630
146
631
990
482
719
884
904
514
130
915
482
419
422
309
807
102
550
101
53
883
48
710
73
529
429
562
995
775
694
251
487
951
615
403
862
556
853
892
183
50
87
945
748
898
343
474
635
532
496
92
649
865
956
141
851
355
100
223
-95
556
104
167
594
448
347
135
161
182
611
528
808
469
381
533
352
-43
168
61
27
323
357
495
911
362
732
4
392
610
797
695
9
412
735
19
273
20
71
854
71
338
593
865
792
396
584
367
57
571
970
948
951
832
100
283
188
690
177
686
182
389
368
725
620
129
550
571
148
251
753
961
329
205
570
225
327
979
889
31
634
47
156
809
909
626
132
674
783
122
815
125
378
297
964
688
95
814
97
332
168
333
489
439
859
165
948
700
537
961
357
712
962
622
976
848
377
642
481
67
375
625
351
104
129
712
603
787
285
226
926
788
917
272
650
329
835
800
721
400
615
907
936
166
436
183
611
333
274
456
944
237
775
325
855
89
790
847
417
201
499
473
522
719
511
630
764
601
425
379
929
783
554
554
455
221
450
341
829
767
251
654
812
326
485
881
299
756
20
494
619
716
546
420
378
768
443
990
267
112
899
941
-52
719
630
523
563
479
447
232
114
486
893
423
666
469
56
277
506
231
509
365
486
347
145
601
52
441
701
433
693
173
54
983
166
834
805
663
331
115
635
138
934
532
202
40
80
723
431
573
956
266
954
550
543
437
900
423
734
583
212
24
463
352
501
764
143
538
437
721
583
222
127
8
111
666
291
869
739
974
786
912
298
411
474
792
310
387
350
968
829
222
671
563
374
741
286
394
560
881
684
55
487
978
141
896
156
432
640
777
266
775
975
12
111
423
155
733
449
288
806
354
571
679
175
421
24
124
875
476
830
34
107
307
359
700
631
226
31
841
419
31
229
63
157
350
126
275
858
806
769
220
666
621
379
364
490
71
50
172
956
616
392
198
961
414
555
546
395
141
761
799
976
740
360
10
329
857
609
646
576
253
999
377
315
824
928
441
637
386
663
424
62
697
616
526
281
324
49
329
827
53
97
683
42
598
970
531
736
203
265
443
867
342
698
54
657
988
666
471
672
883
426
579
356
844
502
870
483
347
503
530
400
891
317
354
798
80
270
614
-58
779
95
886
953
225
611
730
178
809
675
230
123
197
797
800
530
980
468
165
349
84
197
387
212
719
943
463
949
518
26
944
547
582
405
272
849
692
672
713
439
207
476
321
1000
402
29
322
466
810
381
455
477
119
516
967
531
744
18
544
631
898
666
201
118
316
817
671
212
311
987
218
451
245
486
997
347
661
810
502
995
267
558
761
185
178
1000
875
114
987
334
452
249
308
708
254
794
797
464
194
351
282
611
125
645
222
21
527
189
464
475
585
538
856
838
666
328
379
901
119
590
921
972
841
362
868
507
563
555
142
853
227
426
196
439
451
283
487
57
551
984
447
912
483
722
621
260
430
433
527
466
501
719
811
96
757
371
321
266
528
619
538
874
324
787
268
682
487
534
405
29
969
807
194
485
95
700
618
413
279
506
961
862
848
305
554
787
937
377
163
951
266
758
860
53
497
781
315
341
94
55
126
476
727
524
616
632
97
866
874
315
649
50
178
795
387
907
248
817
873
201
141
303
374
243
89
585
957
124
34
257
604
264
536
925
949
886
274
628
498
386
370
142
837
348
172
548
254
630
152
769
381
136
572
912
454
588
401
849
462
304
229
189
26
162
822
971
736
999
943
15
785
101
872
378
506
696
906
73
499
682
828
377
483
15
882
213
638
807
107
427
408
14
435
553
332
269
208
167
108
295
794
643
749
178
599
774
372
431
468
670
504
589
185
87
262
732
146
34
313
145
456
977
33
153
389
681
97
645
879
770
871
379
14
229
685
326
763
786
152
109
981
205
865
694
986
225
575
56
281
720
51
422
872
561
951
750
770
504
453
679
22
850
293
459
991
942
275
775
541
301
610
23
938
166
681
330
509
751
326
242
892
442
858
323
876
193
519
568
726
802
729
732
615
907
887
718
51
203
-16
26
44
68
910
950
402
377
476
947
354
289
899
556
844
671
869
195
437
894
904
525
628
407
414
688
265
568
401
66
272
368
837
396
583
555
512
893
635
649
249
164
847
159
182
191
521
354
360
37
693
146
978
526
523
944
755
616
964
848
669
630
499
860
281
409
698
922
543
566
967
631
239
193
866
214
890
43
196
417
377
77
747
931
972
33
847
244
752
79
989
376
368
370
455
412
146
429
488
899
590
3
52
709
286
83
466
218
311
201
6
952
1000
288
411
887
831
206
1
115
690
966
308
141
292
551
955
221
947
83
840
741
538
484
398
874
14
563
924
897
383
659
127
814
653
655
627
499
136
274
959
219
53
608
53
554
686
57
764
778
194
29
55
293
995
476
480
309
712
575
963
220
793
521
525
554
676
779
356
870
940
773
222
658
249
409
399
755
45
68
577
840
975
751
782
-91
340
896
109
553
765
497
13
424
936
583
878
708
598
579
269
840
525
412
125
992
938
521
587
234
410
470
91
801
739
720
645
890
530
762
958
36
540
779
110
639
909
793
922
147
490
751
54
855
732
898
569
719
215
799
935
652
626
542
635
322
687
36
879
998
781
636
133
631
788
436
612
1000
353
987
146
64
308
317
267
27
470
618
831
410
20
205
697
766
33
575
378
-27
604
115
293
621
252
185
502
243
824
551
287
216
451
292
325
438
430
896
449
462
308
797
172
438
449
400
471
844
245
516
7
1
15
593
829
758
958
278
113
36
824
185
166
430
165
529
339
73
275
574
93
226
37
63
718
308
578
650
876
612
526
196
393
329
85
992
530
525
223
469
990
7
335
575
209
675
485
442
143
367
443
278
170
10
727
378
936
523
608
551
543
417
944
516
994
736
839
86
919
909
623
167
322
314
556
486
948
195
973
389
974
840
317
545
942
547
685
683
912
864
865
365
854
734
42
918
180
332
567
791
236
159
484
664
504
35
787
331
570
739
326
636
491
573
204
94
372
814
1
986
405
214
343
683
374
703
621
856
888
187
122
734
400
347
177
667
489
555
286
63
266
598
921
341
343
850
885
9
157
813
571
229
279
131
760
28
578
96
679
907
683
570
671
-45
711
396
269
771
332
49
575
500
274
982
39
525
820
163
497
768
849
768
698
179
365
731
481
968
204
206
501
972
586
522
351
318
146
129
888
351
663
715
975
288
712
88
35
11
692
989
362
366
935
301
176
461
542
776
844
563
605
288
238
706
589
640
188
511
-88
775
479
82
638
873
96
369
431
448
613
142
628
517
872
21
104
199
972
253
288
544
449
456
683
190
391
135
981
245
529
385
850
679
352
753
997
931
343
842
427
804
145
171
966
930
381
969
106
345
-85
228
813
60
406
486
698
645
975
859
831
537
786
728
773
305
478
962
830
270
123
647
946
132
562
922
142
854
275
179
581
498
412
977
155
621
291
422
914
413
957
560
311
341
463
914
643
639
735
87
861
710
147
796
773
789
56
250
98
63
500
862
21
179
32
101
367
295
75
102
499
790
488
276
909
124
772
838
210
473
386
915
686
551
202
672
67
383
54
163
386
884
85
804
361
260
131
537
89
156
532
47
610
252
917
768
199
631
731
554
150
840
89
85
72
659
217
577
654
638
620
59
894
244
997
236
391
255
745
903
594
8
126
808
558
837
932
444
992
48
529
549
759
822
950
304
15
717
618
71
236
330
829
73
922
127
588
912
191
438
188
5
683
340
750
883
537
540
748
804
732
101
993
998
505
979
769
852
448
839
50
473
133
708
929
216
25
862
189
839
888
513
544
615
384
351
915
167
116
526
105
923
37
261
495
663
539
934
879
737
233
736
332
723
44
967
743
632
787
686
374
340
84
566
347
203
260
238
505
75
324
832
682
699
782
104
391
419
227
558
110
324
380
837
232
113
720
902
663
217
4
189
188
232
527
826
770
651
231
202
400
178
172
134
691
99
673
574
41
555
12
567
813
353
665
774
828
908
156
2
652
159
123
520
971
392
371
316
721
968
674
29
255
273
801
239
338
95
582
10
468
739
118
254
559
390
588
808
770
349
399
464
901
889
913
4
25
163
214
982
568
898
353
607
113
620
399
21
669
614
133
75
576
256
648
622
514
608
87
872
285
651
431
54
385
378
335
965
75
426
14
327
809
136
570
526
953
864
71
582
408
190
752
941
647
798
681
686
725
483
725
647
283
516
259
423
273
475
972
265
252
574
223
866
287
155
505
236
677
695
149
461
96
793
97
178
164
609
975
605
593
820
464
734
10
561
955
502
345
857
105
357
954
367
993
847
749
873
945
615
706
538
441
157
15
585
722
839
824
639
669
974
539
797
70
136
853
926
70
855
946
482
772
864
556
292
106
723
637
789
15
153
49
800
737
196
384
848
733
612
771
845
660
293
942
981
998
466
60
451
214
127
609
994
19
158
838
174
787
939
467
905
240
561
995
898
808
477
385
313
677
152
87
71
